----------------Logistic Regression Performance
Class                           n          tp          fn          fp      recall        prec          f1
0                             980         932          48          26       0.951       0.973       0.962
1                           1,135       1,091          44          23       0.961       0.979       0.970
2                           1,032         933          99          88       0.904       0.914       0.909
3                           1,010         803         207          48       0.795       0.944       0.863
4                             982         904          78         108       0.921       0.893       0.907
5                             892         751         141         140       0.842       0.843       0.842
6                             958         918          40         100       0.958       0.902       0.929
7                           1,028         977          51         246       0.950       0.799       0.868
8                             974         883          91         288       0.907       0.754       0.823
9                           1,009         700         309          41       0.694       0.945       0.800
Total                      10,000       8,892       1,108       1,108
Accuracy                                                                    0.889
Micro Average                                                               0.889       0.889       0.889
Macro Average                                                               0.888       0.895       0.887
Balanced Error Rate                                                         0.112
----------------Confusion Matrix
               0       1       2       3       4       5       6       7       8       9
0            932       0       3       2       1      11      18       6       6       1
1              0   1,091      10       1       0       3       5       1      24       0
2              1       2     933       7       7      10      18      13      38       3
3              5       1      41     803       3      57       8      22      68       2
4              0       2       5       1     904       3      12      15      23      17
5              6       2       2      20       6     751      20       5      78       2
6              5       1       6       0       5      19     918       1       3       0
7              0       3      15       5      10       0       0     977       4      14
8              6       8       5       5       7      23      19      16     883       2
9              3       4       1       7      69      14       0     167      44     700

train time : (00:00:12:533)
test time : (00:00:00:703)




----------------Bagging based FM Performance
Class                           n          tp          fn          fp      recall        prec          f1
0                             980         968          12          32       0.988       0.968       0.978
1                           1,135       1,124          11          13       0.990       0.989       0.989
2                           1,032         984          48          19       0.953       0.981       0.967
3                           1,010         972          38          45       0.962       0.956       0.959
4                             982         959          23          31       0.977       0.969       0.973
5                             892         863          29          24       0.967       0.973       0.970
6                             958         933          25          14       0.974       0.985       0.980
7                           1,028         996          32          31       0.969       0.970       0.969
8                             974         954          20          71       0.979       0.931       0.954
9                           1,009         945          64          22       0.937       0.977       0.956
Total                      10,000       9,698         302         302
Accuracy                                                                    0.970
Micro Average                                                               0.970       0.970       0.970
Macro Average                                                               0.970       0.970       0.970
Balanced Error Rate                                                         0.030
----------------Confusion Matrix
               0       1       2       3       4       5       6       7       8       9
0            968       0       0       1       0       1       1       1       8       0
1              0   1,124       3       1       0       0       1       1       5       0
2              3       0     984      10       3       0       2       8      21       1
3              1       0       4     972       0      11       0       6      10       6
4              2       0       4       1     959       0       4       1       4       7
5              3       1       0      12       0     863       4       0       6       3
6              6       3       0       1       2       7     933       0       6       0
7              6       4       6       2       6       0       1     996       2       5
8              2       1       1       7       3       2       0       4     954       0
9              9       4       1      10      17       3       1      10       9     945




----------------Factorization Machine Performance
Class                           n          tp          fn          fp      recall        prec          f1
0                             980         967          13          29       0.987       0.971       0.979
1                           1,135       1,121          14          18       0.988       0.984       0.986
2                           1,032         993          39          44       0.962       0.958       0.960
3                           1,010         983          27          56       0.973       0.946       0.959
4                             982         943          39          39       0.960       0.960       0.960
5                             892         852          40          50       0.955       0.945       0.950
6                             958         920          38          18       0.960       0.981       0.970
7                           1,028         973          55          35       0.946       0.965       0.956
8                             974         903          71          35       0.927       0.963       0.945
9                           1,009         964          45          57       0.955       0.944       0.950
Total                      10,000       9,619         381         381
Accuracy                                                                    0.962
Micro Average                                                               0.962       0.962       0.962
Macro Average                                                               0.961       0.962       0.961
Balanced Error Rate                                                         0.039
----------------Confusion Matrix 
               0       1       2       3       4       5       6       7       8       9
0            967       1       1       1       1       4       1       2       0       2
1              0   1,121       5       0       4       0       2       1       2       0
2              5       1     993      10       4       2       1       5      10       1
3              1       0       6     983       0       5       0       4       5       6
4              2       0      10       1     943       0       5       5       1      15
5              3       1       1      13       1     852       7       6       6       2
6              7       3       3       0       7      15     920       0       3       0
7              2       7      12       8       6       0       0     973       4      16
8              6       3       4      15       5      17       2       4     903      15
9              3       2       2       8      11       7       0       8       4     964

train time : (00:01:44:810)
test time : (00:00:01:075)




----------------Support Vector Performance
Class                           n          tp          fn          fp      recall        prec          f1
0                             980         908          72          38       0.927       0.960       0.943
1                           1,135       1,019         116          10       0.898       0.990       0.942
2                           1,032         880         152         163       0.853       0.844       0.848
3                           1,010         898         112         205       0.889       0.814       0.850
4                             982         862         120         114       0.878       0.883       0.880
5                             892         731         161         228       0.820       0.762       0.790
6                             958         821         137          50       0.857       0.943       0.898
7                           1,028         881         147          38       0.857       0.959       0.905
8                             974         856         118         282       0.879       0.752       0.811
9                           1,009         868         141         148       0.860       0.854       0.857
Total                      10,000       8,724       1,276       1,276
Accuracy                                                                    0.872
Micro Average                                                               0.872       0.872       0.872
Macro Average                                                               0.872       0.876       0.872
Balanced Error Rate                                                         0.128
----------------Confusion Matrix 
               0       1       2       3       4       5       6       7       8       9
0            908       0      10       4       0      42       5       1      10       0
1              0   1,019      31      31       0       9       2       0      43       0
2              4       0     880      28      22       9      20       8      57       4
3              4       0      12     898       1      45       1       5      36       8
4              1       0      12       3     862       4      10       1      38      51
5              7       4       3      72      15     731      10       2      35      13
6             14       2      25       1      27      52     821       0      16       0
7              3       2      51      10       7       3       0     881      18      53
8              1       1       9      33       6      46       2       1     856      19
9              4       1      10      23      36      18       0      20      29     868

train time : (05:01:26:456)
test time : (00:02:32:514)




----------------MBayes Performance
Class                           n          tp          fn          fp      recall        prec          f1
0                             980         912          68          74       0.931       0.925       0.928
1                           1,135       1,061          74         102       0.935       0.912       0.923
2                           1,032         858         174          97       0.831       0.898       0.864
3                           1,010         851         159         216       0.843       0.798       0.819
4                             982         732         250         136       0.745       0.843       0.791
5                             892         590         302          96       0.661       0.860       0.748
6                             958         860          98         111       0.898       0.886       0.892
7                           1,028         861         167          59       0.838       0.936       0.884
8                             974         777         197         394       0.798       0.664       0.724
9                           1,009         863         146         350       0.855       0.711       0.777
Total                      10,000       8,365       1,635       1,635
Accuracy                                                                    0.837
Micro Average                                                               0.837       0.837       0.837
Macro Average                                                               0.833       0.843       0.835
Balanced Error Rate                                                         0.167
----------------Confusion Matrix 
               0       1       2       3       4       5       6       7       8       9
0            912       0       2       6       1       8      14       1      36       0
1              0   1,061       5       9       0       2       6       0      51       1
2             15      11     858      24      10       3      33      11      66       1
3              4      11      34     851       1      21       7      14      40      27
4              2       2       6       0     732       0      25       1      38     176
5             23      11       6     107      18     590      17       6      78      36
6             17      13      17       1       7      25     860       0      18       0
7              1      21      11       5      19       0       1     861      40      69
8              6      26      13      54      14      27       8       9     777      40
9              6       7       3      10      66      10       0      17      27     863

train time : (00:00:03:509)
test time : (00:00:00:914)




----------------KNN Performance
Class                           n          tp          fn          fp      recall        prec          f1
0                             980         974           6          38       0.994       0.962       0.978
1                           1,135       1,134           1          74       0.999       0.939       0.968
2                           1,032         979          53          18       0.949       0.982       0.965
3                           1,010         974          36          42       0.964       0.959       0.962
4                             982         934          48          29       0.951       0.970       0.960
5                             892         859          33          38       0.963       0.958       0.960
6                             958         942          16          19       0.983       0.980       0.982
7                           1,028         988          40          55       0.961       0.947       0.954
8                             974         895          79           9       0.919       0.990       0.953
9                           1,009         954          55          45       0.945       0.955       0.950
Total                      10,000       9,633         367         367
Accuracy                                                                    0.963
Micro Average                                                               0.963       0.963       0.963
Macro Average                                                               0.963       0.964       0.963
Balanced Error Rate                                                         0.037
----------------Confusion Matrix 
               0       1       2       3       4       5       6       7       8       9
0            974       1       1       0       0       1       2       1       0       0
1              0   1,134       1       0       0       0       0       0       0       0
2             11      16     979       3       1       0       1      17       4       0
3              1       3       4     974       1      14       0       9       2       2
4              1      13       0       0     934       0       6       4       0      24
5              5       2       0      10       3     859       5       1       1       6
6              6       3       0       0       4       3     942       0       0       0
7              0      25       4       0       2       0       0     988       0       9
8             11       4       6      20       8      17       4       5     895       4
9              3       7       2       9      10       3       1      18       2     954

train time : (00:00:02:684)
test time : (00:20:53:296)




----------------CART Tree Performance
Class                           n          tp          fn          fp      recall        prec          f1
0                             980         921          59          96       0.940       0.906       0.922
1                           1,135       1,089          46          55       0.959       0.952       0.956
2                           1,032         882         150         145       0.855       0.859       0.857
3                           1,010         872         138         175       0.863       0.833       0.848
4                             982         860         122         125       0.876       0.873       0.874
5                             892         755         137         140       0.846       0.844       0.845
6                             958         842         116          87       0.879       0.906       0.892
7                           1,028         927         101          95       0.902       0.907       0.904
8                             974         784         190         154       0.805       0.836       0.820
9                           1,009         863         146         133       0.855       0.866       0.861
Total                      10,000       8,795       1,205       1,205
Accuracy                                                                    0.880
Micro Average                                                               0.880       0.880       0.880
Macro Average                                                               0.878       0.878       0.878
Balanced Error Rate                                                         0.122
----------------Confusion Matrix 
               0       1       2       3       4       5       6       7       8       9
0            921       0       8       4       3      12       7       8      11       6
1              0   1,089      10       8       0       7       5       5      10       1
2             15      14     882      28      13       9      15      23      25       8
3             11       3      33     872       7      36       2      12      20      14
4              4       3       9       5     860      12      17       7      19      46
5             17       7       6      40      11     755      16       4      22      14
6             19       7      14       9      18      22     842       2      18       7
7              2      11      26      21       9       5       3     927       7      17
8             17       6      24      41      24      26      16      16     784      20
9             11       4      15      19      40      11       6      18      22     863

train time : (00:00:38:260)
test time : (00:00:00:420)




----------------LibLinear Performance
Class                           n          tp          fn          fp      recall        prec          f1
0                             980         961          19          50       0.981       0.951       0.965
1                           1,135       1,111          24          47       0.979       0.959       0.969
2                           1,032         911         121          70       0.883       0.929       0.905
3                           1,010         918          92         103       0.909       0.899       0.904
4                             982         915          67          85       0.932       0.915       0.923
5                             892         768         124          92       0.861       0.893       0.877
6                             958         908          50          69       0.948       0.929       0.939
7                           1,028         941          87          77       0.915       0.924       0.920
8                             974         848         126         130       0.871       0.867       0.869
9                           1,009         894         115         102       0.886       0.898       0.892
Total                      10,000       9,175         825         825
Accuracy                                                                    0.918
Micro Average                                                               0.918       0.918       0.918
Macro Average                                                               0.916       0.916       0.916
Balanced Error Rate                                                         0.084
----------------Confusion Matrix 
               0       1       2       3       4       5       6       7       8       9
0            961       0       1       1       1       4       6       2       2       2
1              0   1,111       3       3       0       1       5       1      11       0
2              9       9     911      19      10       5      15      12      39       3
3              4       2      17     918       2      21       5      11      22       8
4              2       4       7       3     915       0       8       2       5      36
5             10       1       1      32      11     768      18      10      32       9
6             10       4       8       1       5      19     908       1       2       0
7              2       6      24       7      10       3       1     941       4      30
8              7      13       7      21      14      28      11      11     848      14
9              6       8       2      16      32      11       0      27      13     894

train time : (00:06:47:106)
test time : (00:00:00:686)




----------------XGBoost Performance
Class                           n          tp          fn          fp      recall        prec          f1
0                             980         969          11          26       0.989       0.974       0.981
1                           1,135       1,124          11          11       0.990       0.990       0.990
2                           1,032       1,006          26          26       0.975       0.975       0.975
3                           1,010         992          18          27       0.982       0.974       0.978
4                             982         957          25          15       0.975       0.985       0.980
5                             892         869          23          14       0.974       0.984       0.979
6                             958         939          19          19       0.980       0.980       0.980
7                           1,028         998          30          22       0.971       0.978       0.975
8                             974         948          26          26       0.973       0.973       0.973
9                           1,009         978          31          34       0.969       0.966       0.968
Total                      10,000       9,780         220         220
Accuracy                                                                    0.978
Micro Average                                                               0.978       0.978       0.978
Macro Average                                                               0.978       0.978       0.978
Balanced Error Rate                                                         0.022
----------------Confusion Matrix 
               0       1       2       3       4       5       6       7       8       9
0            969       1       0       0       0       3       4       1       2       0
1              1   1,124       2       3       0       1       3       1       0       0
2              5       0   1,006       9       1       0       0       5       5       1
3              0       0       2     992       0       3       0       6       4       3
4              0       0       3       0     957       0       4       1       2      15
5              2       0       1       5       0     869       6       3       4       2
6              7       3       0       0       2       3     939       0       4       0
7              1       1      14       3       2       0       0     998       2       7
8              4       1       3       2       3       3       2       2     948       6
9              6       5       1       5       7       1       0       3       3     978

train time : (00:05:55:117)
test time : (00:00:01:263)





Process finished with exit code 0
